100
1 []
2 [1]
3 [1,2]
4 []
5 []
6 [1,2,3,4,5]
7 [4]
8 [1,4,5,6,7]
9 [3,4,7,8]
10 [2]
11 [6,8]
12 [2]
13 [5,8,9,10]
14 [1,5,8,10,13]
15 [12]
16 [3,5,14]
17 [1,9,14]
18 [7,12]
19 [7,14]
20 [14]
21 [4,7,10,13,15]
22 [20]
23 [2,3,13,15,19]
24 [14,16]
25 [2,9,13,22]
26 [6,10,12,15,24]
27 [14,15]
28 [16,17,21]
29 [18]
30 [5,11]
31 [21,27,28]
32 [10,15,28,29]
33 [3,18]
34 [23]
35 [6,7,25,32,34]
36 [7,8,14,33,35]
37 [12]
38 [6,21,28]
39 [4,21,30,35,36]
40 []
41 [18,25,31,39,40]
42 [10,18,24,30]
43 [4,7,20,34]
44 [14]
45 [7,17,25,26,38]
46 [2,24]
47 [1,14,24,29,46]
48 [4,17,20,30,46]
49 [11,35,40,43,48]
50 [2,8,9,15]
51 [23,26,47]
52 [2,37]
53 [2,31,37,43]
54 [40]
55 [11]
56 [49]
57 []
58 [42,55]
59 [26]
60 [1,10,17,51,59]
61 []
62 [3,26,61]
63 [7,34,36,42,61]
64 [34]
65 [33,55,58]
66 []
67 [13,27,31,32,62]
68 [47]
69 [24,52,64]
70 [27,38]
71 [12,13,17]
72 [15,36,47]
73 []
74 [2,6,14,25,36]
75 [11,17,65]
76 [21,22,48]
77 [34,54,70]
78 [21,29,33,41,72]
79 []
80 [21,27,48,71]
81 [34,59,61]
82 [21,45]
83 [22,24]
84 []
85 []
86 [3,18,37,68,78]
87 [11,26,56,58]
88 [11,22,50,80]
89 [25,52,88]
90 [5]
91 [12,68,73]
92 [20,79]
93 []
94 [5,25,30,33,72]
95 [7,77]
96 []
97 [6,29,49]
98 [70]
99 []
100 [99]
